98294
98270
20
8
Item 0; 45727; 63940; 26022; 96465
Item 1; 182050; 4706; 86454; 97068
Item 2; 72054; 50924; 91329; 97618
Item 3; 72054; 30198; 6622; 54366
Item 4; 72054; 66040; 27617; 29627
Item 5; 72054; 98294; 12259; 42096
Item 6; 72054; 30005; 82965; 92575
Item 7; 72054; 23286; 29058; 86304
Item 8; 49895; 98107; 40745; 41927
Item 9; 12351; 78798; 7666; 0
Item 10; 198597; 34365; 22121; 0
Item 11; 151413; 6748; 79992; 0
Item 12; 52337; 88667; 66612; 0
Item 13; 63064; 87849; 75066; 0
Item 14; 176764; 76031; 9802; 0
Item 15; 73601; 86192; 30600; 0
Item 16; 106649; 35134; 82336; 0
Item 17; 181691; 79490; 66521; 0
Item 18; 139823; 48882; 32872; 0
Item 19; 43291; 13058; 98270; 0
139740, 176764, 182050
45727, 57402
106649, 151413
139823, 72054, 106649
63064, 63064, 198597
45727, 49895, 12351, 158273, 49895, 57402, 139740
43291, 57402, 176764, 43291, 182050, 45727, 49895
181691, 106649, 887, 198597